0 0
24 18 7
0 1
1 3
2 3
4 7
5 6
6 7
8 9
9 10
10 11
12 13
13 14
14 15
16 18
17 18
18 19
20 23
21 22
22 23
4 2 26 5 114 0 83 4 59
2 3 150 6 170
3 3 143 4 107 2 40
5 4 43 0 22 1 36 3 26 5 66
3 1 122 5 158 3 150
3 5 162 6 118 2 46
4 3 54 1 195 0 174 2 26
4 5 188 0 24 2 197 4 178
4 2 120 4 197 0 33 6 169
4 6 123 5 51 0 164 3 24
1 6 162
5 3 30 2 56 1 93 6 152 5 199
5 3 95 5 169 1 172 6 85 2 193
1 6 120
5 4 136 3 120 1 167 2 162 0 189
2 4 40 5 174
5 4 28 3 180 2 94 5 60 1 182
3 3 85 2 22 0 50
1 3 58
4 1 40 6 47 0 44 5 29
5 5 57 0 108 6 49 2 32 1 119
5 4 110 1 174 5 121 3 151 0 164
2 2 38 4 181
1 0 167
