0 0
24 18 7
0 2
1 2
2 3
4 5
5 7
6 7
8 9
9 10
10 11
12 13
13 14
14 15
16 17
17 19
18 19
20 21
21 22
22 23
3 5 109 1 36 2 118
4 0 81 4 72 3 196 1 21
3 0 68 2 38 4 47
1 6 122
3 0 153 3 186 4 143
3 1 185 3 109 2 118
4 3 70 2 36 4 57 1 80
2 0 191 1 120
4 6 33 4 64 3 154 0 21
1 3 91
4 1 107 6 169 2 32 3 149
4 1 169 5 35 4 109 2 50
2 5 51 6 131
2 6 113 0 53
2 2 140 0 183
1 3 37
5 3 157 0 192 6 200 5 120 4 184
5 4 101 3 132 1 49 5 37 6 73
5 4 110 5 47 2 70 0 48 3 196
5 0 43 6 98 4 144 3 176 5 35
5 3 30 4 191 2 172 6 27 5 90
5 3 142 6 133 1 156 2 34 4 88
5 1 169 5 171 3 66 4 102 6 150
4 6 142 5 181 3 76 4 98
