0 0
24 18 7
0 1
1 3
2 3
4 5
5 7
6 7
8 9
9 10
10 11
12 14
13 14
14 15
16 18
17 18
18 19
20 21
21 23
22 23
3 5 112 1 168 2 90
5 5 75 1 90 6 63 0 102 3 76
2 5 28 6 175
2 3 85 2 74
3 3 59 0 147 5 131
3 6 111 2 178 3 70
3 2 178 6 59 3 168
3 1 38 3 86 0 39
4 1 88 3 106 2 21 0 196
5 3 175 6 144 5 69 4 130 1 120
3 0 200 6 106 1 113
5 3 33 5 131 6 175 0 71 1 48
2 6 142 5 118
2 5 76 1 178
1 5 108
3 4 116 3 181 1 143
5 1 83 0 53 4 50 6 90 2 162
1 0 115
3 6 99 1 188 0 193
2 1 60 0 170
4 2 61 1 174 0 126 5 75
4 4 147 3 82 1 72 0 38
2 1 176 6 177
2 4 36 2 166
