0 0
24 18 7
0 1
1 3
2 3
4 5
5 7
6 7
8 9
9 10
10 11
12 13
13 15
14 15
16 17
17 18
18 19
20 21
21 22
22 23
1 2 29
3 2 142 1 178 4 194
3 0 80 3 77 2 108
1 0 132
5 1 40 3 121 6 30 4 64 0 101
1 3 157
5 4 85 1 192 0 152 3 132 6 68
1 4 116
4 3 133 4 106 6 164 2 26
1 3 127
2 3 159 1 150
5 5 125 4 143 6 93 1 108 3 136
4 4 111 3 158 2 159 1 200
5 1 119 2 61 0 87 4 170 6 84
4 0 76 1 58 3 48 6 118
1 1 37
1 3 160
4 6 33 0 155 5 140 2 184
2 2 132 4 48
3 2 94 3 41 5 78
4 4 131 2 170 3 88 6 67
2 6 104 0 110
4 0 167 5 65 4 57 2 180
1 4 72
