0 0
24 18 7
0 1
1 2
2 3
4 5
5 6
6 7
8 9
9 10
10 11
12 13
13 14
14 15
16 17
17 19
18 19
20 21
21 23
22 23
5 6 185 2 77 3 98 4 184 0 190
2 4 26 6 113
4 0 49 3 115 1 84 2 74
3 4 77 1 177 6 21
2 5 111 3 184
2 3 107 5 129
5 3 95 0 151 2 101 5 70 4 73
2 6 81 5 116
3 2 149 0 55 3 129
4 0 76 4 47 2 129 6 123
2 0 132 5 152
2 1 89 6 113
3 2 165 5 58 6 27
2 2 172 3 157
1 2 24
2 5 86 1 184
2 0 196 3 114
3 6 21 1 120 0 106
5 2 196 5 85 3 123 6 177 4 90
3 4 77 0 176 3 140
3 6 47 2 172 0 155
1 1 179
2 6 132 4 95
4 3 121 4 59 0 170 5 73
