0 0
24 18 7
0 1
1 2
2 3
4 7
5 6
6 7
8 9
9 10
10 11
12 14
13 14
14 15
16 17
17 18
18 19
20 21
21 22
22 23
2 3 134 0 140
5 2 23 4 157 6 71 1 88 5 179
1 6 138
3 0 148 5 197 2 25
5 3 178 0 183 5 198 2 196 6 166
4 0 170 4 193 3 31 2 68
2 0 49 4 30
1 4 155
3 6 156 1 58 5 78
2 0 110 4 196
5 3 167 2 83 4 37 1 172 6 87
1 0 130
5 2 67 3 74 5 193 4 28 0 183
4 6 150 3 57 2 65 4 77
2 6 113 0 37
4 2 59 1 196 5 200 6 153
4 0 140 3 99 4 87 6 199
3 1 189 6 28 3 117
4 4 146 0 185 1 45 6 95
5 3 83 1 82 4 145 2 167 0 49
2 3 200 2 184
5 5 127 4 26 3 180 6 122 2 56
4 1 177 0 130 2 183 3 44
2 4 142 2 172
