0 0
24 18 7
0 1
1 3
2 3
4 7
5 6
6 7
8 9
9 10
10 11
12 14
13 14
14 15
16 17
17 18
18 19
20 21
21 23
22 23
1 6 96
3 6 185 1 151 2 97
4 1 73 3 91 2 30 4 99
5 6 87 4 60 2 94 3 87 1 105
2 2 192 3 133
4 5 43 1 169 3 72 0 101
1 4 98
1 3 47
5 5 108 6 81 2 179 1 110 0 152
4 5 28 1 105 4 24 0 187
4 0 129 1 94 2 181 5 62
1 0 147
4 6 93 4 131 0 32 3 78
3 3 144 4 173 5 72
5 4 123 5 187 0 65 2 80 3 152
4 6 75 0 85 3 20 4 92
1 2 41
2 4 134 2 197
4 2 142 0 64 6 85 5 160
2 1 192 0 122
5 0 117 4 107 5 44 2 85 6 61
5 5 194 1 167 0 184 6 116 2 155
5 5 24 0 191 1 21 3 155 2 126
5 6 126 1 68 0 60 3 76 2 43
