0 0
24 18 7
0 1
1 2
2 3
4 5
5 6
6 7
8 11
9 10
10 11
12 14
13 14
14 15
16 17
17 18
18 19
20 21
21 22
22 23
1 6 55
3 4 158 0 86 6 69
4 0 86 4 158 2 118 5 123
5 4 66 6 142 3 164 2 120 0 54
5 1 57 4 76 0 101 5 121 6 30
4 5 196 4 28 3 53 0 162
4 4 171 3 31 6 75 2 69
3 5 152 3 25 2 165
3 1 156 4 61 5 78
1 1 142
2 0 123 5 92
1 1 45
1 5 170
4 3 189 1 47 5 189 6 123
2 0 106 1 149
4 3 169 4 83 2 133 6 86
4 2 116 3 178 4 47 1 66
5 5 170 2 146 0 35 4 137 1 48
2 3 151 2 43
3 5 170 0 154 2 177
3 1 130 4 195 6 99
4 5 27 1 148 3 85 4 50
3 2 41 0 103 4 180
5 5 40 1 63 6 136 2 115 3 122
