0 0
20 15 7
0 1
1 2
2 3
4 6
5 6
6 7
8 9
9 11
10 11
12 13
13 15
14 15
16 18
17 18
18 19
2 6 81 4 47
5 2 100 1 128 0 108 4 84 6 188
1 4 131
4 3 132 2 199 5 80 4 182
5 4 49 1 151 0 64 2 159 3 184
4 2 142 5 73 0 118 4 181
2 3 78 5 45
2 2 188 6 82
4 5 186 3 189 2 69 6 130
4 3 88 4 52 0 58 6 23
4 3 66 0 137 5 116 4 190
5 6 47 2 85 1 24 4 138 5 121
2 4 120 5 21
5 6 65 1 107 3 189 5 81 2 39
5 4 25 1 151 5 75 3 129 2 80
1 4 68
5 5 121 4 139 6 50 0 165 3 184
1 3 42
5 0 81 5 23 3 25 6 99 2 139
3 5 172 3 54 1 163
