0 0
20 15 7
0 1
1 2
2 3
4 6
5 6
6 7
8 10
9 10
10 11
12 13
13 14
14 15
16 17
17 18
18 19
5 1 180 0 107 6 88 2 173 3 152
4 0 55 6 49 2 84 4 56
5 0 46 2 96 6 101 4 83 5 88
5 0 122 2 115 6 183 4 196 3 81
1 5 104
3 0 48 4 110 2 184
2 4 123 2 43
5 4 127 5 157 6 120 3 97 2 76
3 4 173 1 150 0 48
2 1 131 6 90
5 0 87 2 141 4 52 5 123 3 46
3 0 112 5 159 4 162
5 5 194 4 53 0 59 2 39 1 168
2 5 143 1 105
3 2 117 1 132 5 123
1 4 57
3 2 22 5 157 4 22
2 3 163 5 45
4 0 90 3 114 4 124 5 123
5 3 185 0 200 5 198 6 20 4 30
