0 0
24 18 7
0 1
1 2
2 3
4 5
5 6
6 7
8 11
9 10
10 11
12 14
13 14
14 15
16 17
17 19
18 19
20 21
21 22
22 23
1 5 139
3 3 149 6 44 2 62
4 4 149 3 58 6 101 5 57
3 1 77 4 75 6 136
2 0 46 5 128
1 3 58
3 4 121 2 23 5 119
4 5 184 3 168 2 119 4 100
3 1 66 0 134 3 59
4 0 100 4 146 6 193 2 163
3 5 163 4 171 2 138
3 3 157 5 75 6 62
2 4 172 1 82
1 6 102
5 6 108 0 112 2 112 3 173 5 172
4 1 121 2 198 6 118 5 191
2 0 186 3 109
5 6 176 4 101 1 118 5 72 0 95
1 3 21
3 0 48 3 156 1 65
3 1 103 3 158 5 183
5 2 157 1 61 5 57 4 50 0 133
5 4 175 1 199 3 194 5 101 6 172
2 0 64 2 77
